   2.0000000e+00   1.4308961e-01   4.0605839e-01   2.0877149e-01  -1.1361850e+00   9.5954257e-01   6.6658461e-01   9.0386355e-01  -1.0631165e+00  -2.0515206e-03   6.8578343e-01
   2.0000000e+00   1.0013888e+00  -6.4877053e-01   5.0538656e-01  -1.6099163e-01   1.0439399e+00  -1.1133970e+00   1.1557158e+00  -9.3141714e-01  -3.2588655e-01   8.9079858e-02
   2.0000000e+00   6.5727643e-01  -9.4821241e-01   2.9340925e-01  -5.9013769e-02   4.5324235e-01   2.2423352e-01   2.6894990e+00   2.0152066e+00   1.0266501e-01  -2.7246643e-01
   2.0000000e+00   5.1781351e-01  -1.3121716e-01   6.7405604e-02   1.3748738e+00   1.8508369e+00   4.8494698e-01   1.2938766e+00  -4.9766726e-01   3.5501504e-01  -1.3163512e+00
   2.0000000e+00   1.6252659e+00  -7.8460274e-01   1.8476574e-01  -1.4884400e+00  -2.8539268e+00  -2.2484079e-01   9.3167232e-01   2.1740182e-01   1.6085722e+00  -1.1095242e-01
   2.0000000e+00  -9.6469583e-01  -5.8743514e-01   2.9193239e-01   2.7952429e-01  -6.5102210e-01   7.8328911e-02  -4.4365138e-01   3.3901096e-01  -1.3163129e+00  -9.5678744e-01
   2.0000000e+00   3.7476688e-01  -1.3443266e+00  -8.4129294e-01  -5.6954226e-01   9.5943168e-02  -8.7267811e-01  -1.2458817e+00  -6.2069386e-01   7.1226319e-01   9.7003973e-01
   2.0000000e+00   1.1596735e+00  -8.0215504e-01   4.9568162e-01   4.4715275e-01  -1.6474402e+00   1.3802635e+00  -1.0188198e+00  -7.4037428e-01   4.3739819e-01  -1.9684786e+00
   2.0000000e+00  -2.7516139e-01   1.8701571e-01  -6.4724126e-01  -2.2639764e-01  -1.6834045e+00   6.3623922e-01   9.3631588e-01  -2.0532804e+00   5.5425532e-01   3.3857697e-01
   2.0000000e+00   5.0147543e-01   9.9388983e-01   5.7527495e-01  -1.3545512e+00   9.9827881e-01  -4.5449162e-01  -1.8667218e+00   1.4058958e+00  -8.3201557e-01  -2.3946900e-01
   2.0000000e+00   3.9121689e-01   4.8052945e-01  -3.8367479e-01  -2.0316324e+00   4.8622662e-01  -1.3000438e-01  -1.5923663e+00   8.6167078e-01   3.0486360e-01   5.0128550e-01
   2.0000000e+00   1.1280684e+00  -3.9114982e-01  -3.2364560e-01  -2.9475710e-01   1.1351733e+00  -1.7318983e+00  -1.2486139e+00   4.0926862e-01   7.2485158e-01   5.3945245e-01
   2.0000000e+00   8.2098115e-03  -4.6245408e-01  -3.0115580e-01   1.2389162e-01  -9.9969720e-01   3.3820729e-01  -1.0105642e-01  -7.9951631e-01   1.3643185e+00  -1.2687227e-01
   2.0000000e+00  -3.7918991e-01   1.4873588e+00  -6.8132095e-01   1.2781553e+00  -1.4331298e+00  -9.7044426e-01  -2.9064324e-01   9.0681304e-01  -1.5344737e+00  -1.4017571e-01
   2.0000000e+00   3.2842022e-01  -1.4939115e+00   9.1713923e-01   5.1801607e-01  -8.5598118e-01   1.0475030e+00   1.0562903e+00   1.0682850e+00  -5.9376771e-01   8.5769450e-01
   2.0000000e+00   6.2365129e-01  -6.4077941e-01   2.6266505e+00  -4.4622359e-01  -2.9627350e+00   2.3739589e-01  -1.5911148e+00   1.5657987e+00  -1.0603103e+00  -1.4033671e+00
   2.0000000e+00  -3.6380530e-01  -1.2270073e+00  -8.9676858e-01  -1.1940222e-01   2.2687371e-01  -1.1207952e+00   2.1847580e-01   1.0057558e+00  -1.1350792e-01  -3.9252873e-01
   2.0000000e+00  -7.5175497e-01  -5.2755859e-01  -1.9326763e+00   2.4575511e-01  -4.1294914e-01  -8.1995034e-01  -1.4521301e+00  -2.8119119e-01  -2.2041518e+00  -1.1571516e+00
   2.0000000e+00   2.2505426e+00   2.2149426e+00  -9.0229677e-01  -7.6704411e-01   2.5187430e-01  -7.2320031e-01  -1.0583174e+00  -2.2196082e-01   1.1425872e+00   4.8139761e-01
   2.0000000e+00   3.3915001e-01  -1.4733784e+00  -3.2822592e-01  -2.6181921e+00  -1.3007396e+00   1.0032680e+00  -3.1105233e-01   1.0344216e+00  -2.2580393e+00  -6.5756392e-01
   2.0000000e+00   1.7112053e+00   1.0290477e+00  -9.9974238e-01  -8.8760408e-02   4.4777616e-01  -5.3841234e-01   9.4780123e-01  -3.2767119e-01   2.2908939e-01   8.5639772e-01
   2.0000000e+00  -7.1896172e-01   1.5970450e+00  -2.5202193e+00  -6.7290178e-01   2.0071988e-01  -1.8290972e+00  -7.7489126e-01   1.0779269e+00  -1.4478032e+00  -6.8291290e-01
   2.0000000e+00  -4.5894739e-01  -1.1398305e-01  -6.8833319e-02   1.0341356e+00  -1.1568423e+00  -1.0682222e+00  -1.8098733e+00   6.6124510e-01  -6.1614427e-02   1.3360685e+00
   1.0000000e+00  -1.2551127e-01   3.4516531e-01  -2.7771505e-01   9.0369426e-01   7.4224493e-01  -2.2174754e-01   3.4449548e-01   9.5083531e-01   1.1282225e-01   3.3286551e-01
   2.0000000e+00  -6.6582350e-02   7.7216268e-01  -1.0014418e+00   1.0681371e-01   2.7116742e-01  -1.0921582e+00  -9.8830063e-01  -7.5731913e-01   4.9238102e-01   9.4089954e-01
   2.0000000e+00  -4.8631737e-01  -1.1972096e+00   1.5584928e+00  -7.9444288e-01   2.3349453e-01  -5.6373097e-02  -1.7991910e+00   1.4383226e-01  -1.3187100e+00  -6.4452256e-01
   1.0000000e+00  -8.7351591e-01  -4.1840369e-01  -1.2639601e+00   6.2888095e-01  -8.0049249e-01   1.0567929e-02  -1.7986758e-01  -2.6565578e-02   2.1818958e-01   3.3424763e-01
   2.0000000e+00  -9.2178629e-01  -3.0746080e-01  -1.0604615e+00   1.1129850e+00  -1.5843520e+00   1.9375247e+00  -1.3563802e+00   4.2432164e-01  -6.3996879e-01  -8.8009205e-01
   2.0000000e+00   4.6988881e-02  -1.1737985e+00   1.9712096e+00  -1.0972347e+00   3.4628396e-01  -3.1997360e-01  -6.6652229e-01   5.8583511e-01   1.2575351e+00  -1.2348902e+00
   2.0000000e+00  -3.6950458e-01  -4.0622504e-01   1.3687487e+00  -4.8458522e-01   1.2541232e-01   3.6316484e-01  -9.5394274e-01   4.6662633e-01  -7.6399907e-01   8.4798971e-01
   2.0000000e+00   1.4657626e+00   8.9916006e-03  -1.5265462e-01  -1.1517923e-02  -9.4297002e-03   1.5048009e+00   3.4122248e-01  -1.2228573e-01  -1.3280732e+00   6.7485152e-01
   1.0000000e+00  -4.0611927e-01   2.9852711e-01   7.8188183e-01   3.4713070e-01   3.1059764e-01  -1.8504816e+00  -8.6421020e-01  -3.3847466e-01   4.4881127e-02   1.7393382e+00
   2.0000000e+00   1.0576790e+00  -2.0913926e-01  -7.6947787e-01   1.7120661e+00   1.3143588e+00  -6.2288408e-01  -1.2034663e-01   1.2100749e-01  -3.1323598e-01  -4.1973575e-01
   2.0000000e+00  -4.9650013e-01  -1.3671011e-01   4.1723576e-01  -6.6708765e-01  -2.6483499e+00   6.0515522e-01  -6.5787154e-01  -1.1363035e-01   1.4193026e+00  -8.6963263e-01
   1.0000000e+00   1.7057976e+00  -9.9329234e-01   5.4302989e-01  -1.1705980e+00  -5.5185752e-01   3.8277387e-01  -1.8116864e-01   2.2101157e-01   7.9691257e-01  -4.2933951e-01
   2.0000000e+00   1.6163581e-01  -1.8886224e-01   1.0558192e+00  -1.6962959e-01   7.5880651e-01  -6.2145947e-01  -1.4042275e+00  -3.2149141e-01  -4.2883567e-01  -1.1220819e+00
   2.0000000e+00   1.2185131e+00  -8.6882881e-01   1.2658512e+00  -7.0228601e-01  -8.9952937e-01   4.3983361e-01  -7.9943636e-01   1.4260989e-01  -1.0500420e+00   2.1681711e-01
   2.0000000e+00  -3.5588036e-01  -7.7362330e-01  -9.8928391e-01   1.3536076e+00   9.1665101e-01  -1.9328494e-02   1.1855766e+00  -3.9422177e-01  -7.8322805e-01   1.0561958e+00
   2.0000000e+00  -8.7057054e-01   2.1271085e-01   7.0939505e-01   6.5535243e-01   1.1455913e+00   8.4145803e-01   1.3675533e+00  -4.9471464e-01  -1.7729630e+00  -5.5020573e-01
   1.0000000e+00   6.8401193e-02  -7.9698868e-01  -1.2158012e+00   1.3546880e+00  -8.1363057e-01   6.2395019e-01   3.5125808e-01   5.0268850e-01   1.5576167e-01  -2.0932920e-01
   1.0000000e+00   8.9794944e-01  -3.9904230e-02  -6.6313015e-01  -3.4959512e-01  -1.5805840e-01   8.9650292e-01  -3.7342005e-02   4.3953987e-03   7.2835560e-01  -1.0212642e+00
   2.0000000e+00  -7.4471987e-01  -1.2606078e+00  -2.6420417e-01   1.0034517e+00  -1.1760330e+00  -8.2098761e-01   5.4740369e-01   6.1171924e-01   7.7182651e-01   1.1798169e+00
   2.0000000e+00   3.9131397e-02   1.5781687e+00  -6.8709486e-01  -4.7875689e-01  -2.1069230e-01  -3.5978704e-01  -3.7010950e-01   2.6023663e-01   1.0931094e+00   2.7575293e-01
   2.0000000e+00   2.0122557e-01  -1.0286272e+00   2.5022603e-01   1.0422079e+00   2.8162177e-01  -4.0544630e-01   4.0095698e-01   1.0246054e+00  -1.0733310e+00  -6.5778524e-01
   2.0000000e+00  -3.6160039e-01  -1.1457307e+00  -7.2265913e-01   1.1111781e+00   5.0856200e-01   3.3319964e-01   3.7100536e-01   1.1095095e-01  -5.7037100e-02   1.0265024e+00
   2.0000000e+00   3.4996326e-01  -3.4321333e-01  -1.2260836e+00  -2.8377554e-01  -1.3385132e+00  -3.1397476e-01   4.4410999e-01  -2.1190607e+00   1.2486555e+00   1.2648057e+00
   1.0000000e+00  -7.5790469e-01   2.3937768e-01  -4.6582321e-01  -4.9960030e-01   3.7112812e-01  -1.1666775e+00   2.6162082e-01  -8.1349628e-01   4.3002583e-01  -6.5928504e-01
   2.0000000e+00  -5.9804190e-02   5.5437782e-01   3.2100985e+00   9.4582240e-02  -9.9283277e-01   1.8740364e+00   9.8962610e-01   5.0625171e-01  -6.2999519e-01   5.2892511e-01
   2.0000000e+00  -1.2087963e+00  -7.8174328e-02  -1.7803841e+00   2.0875448e-01   6.1929702e-02   1.0153480e+00   8.7076003e-01   6.0219740e-01   4.4108910e-01  -3.4676580e-02
   2.0000000e+00  -1.4719715e+00   7.8019667e-02  -1.4017102e-01   1.5542703e+00  -2.9958356e-01  -1.2765349e+00   2.1941067e+00  -1.1189463e+00   1.5265026e+00  -1.6227841e+00
   1.0000000e+00   1.2605874e+00   7.1310035e-01   1.5944776e-01  -1.1232849e+00   7.8672367e-01   1.1107051e+00   6.0180384e-01  -1.0217013e+00   3.6020758e-01  -4.2179155e-01
   2.0000000e+00   2.0992831e-01  -1.0479801e+00   4.2287771e-01   1.0399566e+00  -6.4205903e-01   5.1351963e-01  -1.0559575e-01   3.8453961e-01  -5.0782826e-01   3.9337221e-01
   1.0000000e+00   4.2490376e-01  -4.0267965e-01  -2.3677412e-01   6.6957088e-01  -6.9754879e-01   1.6614248e-01  -4.1609820e-01   5.1554327e-01   9.4553639e-02  -1.8974239e+00
   1.0000000e+00  -5.3291633e-01   7.6607026e-01   5.7472787e-01  -8.5679081e-01   9.6041794e-01   2.8650067e-01   5.7087011e-01   8.3344379e-03   1.6977350e-01   2.5870100e+00
   2.0000000e+00  -1.0592857e-01  -1.2787780e+00  -3.9429041e-01   4.4115979e-01   4.6780218e-01   3.0046559e-01  -7.6687106e-01  -2.1281754e+00   5.9624933e-01  -2.9789647e-01
   2.0000000e+00  -1.1541128e+00   1.5786515e-01  -8.9975265e-01  -4.5431343e-01  -8.2634988e-01   2.3413123e+00   1.7571808e+00  -6.2741223e-01  -6.0156233e-01   1.0255635e-01
   2.0000000e+00  -1.5143808e+00  -9.3814595e-01   8.1170898e-01  -1.0064761e+00  -1.8344322e+00   8.1268638e-01   1.2194715e+00   8.3878879e-01  -2.7767855e-01   1.7040989e+00
   2.0000000e+00   2.2319542e+00  -6.8887286e-01  -1.9172955e+00   6.0028325e-02  -5.1164700e-01   5.4848765e-01  -7.2231904e-01   2.1801451e-01   5.6940286e-01   1.5493244e-01
   2.0000000e+00   1.2970061e+00   9.5220074e-01  -1.6813238e+00  -1.5068253e+00  -5.9800769e-01   1.1711192e+00  -3.3343447e-01   1.0890362e+00  -2.3283763e-02  -4.4280205e-01
   2.0000000e+00  -2.0123460e-01   1.5536975e-01   2.6631043e-01  -2.2412967e-01  -7.3675776e-01   1.0407316e+00   3.3520501e-01  -9.2129460e-01   1.6348194e+00  -1.4874222e-01
   2.0000000e+00  -2.9005607e-02  -4.6710016e-01  -5.6821931e-01   1.5201726e+00  -5.3024873e-01   4.6450569e-01  -1.0007789e+00   1.3095382e+00   1.0553746e+00   4.6107300e-01
   1.0000000e+00  -4.1625911e-01  -1.6818865e+00  -3.6863552e-01  -3.1096571e-01   1.5659609e+00   6.9886841e-01   2.7629986e-01  -1.0344538e+00   5.1478305e-01   1.0527028e-01
   2.0000000e+00   6.8172606e-03   6.0145167e-01   1.4271301e+00  -1.2345571e-01   1.0297142e+00   1.6169170e+00   1.5029158e+00   4.5709099e-01  -4.5072373e-01  -1.2696824e-01
   2.0000000e+00   1.3359324e+00  -4.6423205e-01  -2.1146606e+00   1.1189153e-01   7.5065982e-01   1.0866064e+00   1.6918387e+00  -1.0843786e+00   2.5937145e-01   6.2497490e-01
   1.0000000e+00  -8.2375779e-01  -2.3057723e-01  -5.7489480e-01   9.0113150e-01  -6.5912613e-01   6.9190510e-01  -7.9099895e-01  -1.6876772e+00   8.2822104e-02  -1.8693324e-01
   2.0000000e+00   1.2523710e+00   6.6176331e-01  -1.6952040e+00   2.5708684e-01  -1.5312288e-01  -2.3030754e-01   1.4397503e+00  -1.2036685e+00  -4.9151723e-01  -4.8092144e-01
   2.0000000e+00   8.3192734e-01   1.0997261e+00   6.8005098e-01  -3.2989436e-01  -7.4959821e-01  -7.5498314e-02  -9.3450111e-01   5.3668149e-02   6.6396496e-01   1.1616629e+00
   1.0000000e+00  -7.7725813e-01  -1.6620303e-01   5.5015698e-01   8.7565076e-01   2.9038412e-01  -6.3345024e-01  -1.4687047e-01  -1.5353324e-01   7.2044122e-01  -1.0547525e+00
   2.0000000e+00   9.6803540e-01   1.9377970e-01  -3.3877928e-01  -9.7067395e-01  -7.4487190e-01   1.5738067e-01   9.5944818e-01   2.7697184e-01  -1.2796697e+00   2.3280710e+00
   2.0000000e+00   7.8907232e-01  -6.0037948e-01   2.1449481e+00  -9.9621877e-01  -1.5966956e+00  -1.0870805e+00  -8.6192360e-01   5.4795795e-01  -4.5928376e-01   4.0299569e-01
   1.0000000e+00   2.5321021e-01   1.5318964e+00   5.9255470e-01   5.6242389e-01  -1.0176179e+00   2.5274863e+00   6.9499734e-02  -2.1872290e-01   1.1077548e-01   2.2005251e-01
   1.0000000e+00  -3.9499291e-01  -1.2958994e+00   7.5293368e-01  -1.9834585e-01  -1.2521909e+00  -8.8372821e-01   2.8530798e-01  -8.0124960e-01   3.2412952e-01  -1.5170729e+00
   1.0000000e+00  -4.3934820e-01   2.7623863e-01  -4.1157108e-01  -4.2789546e-01   8.6954207e-01  -9.2592043e-01  -3.9451726e-01   1.2750566e+00   6.3777576e-01  -1.0572611e+00
   2.0000000e+00   9.7885107e-01  -1.5652053e+00   5.8528283e-01   6.4991019e-01  -2.3400766e+00   3.9403494e-02   1.7787021e-01  -5.9462740e-01  -1.2084670e-01   1.5535207e-01
   1.0000000e+00   2.1513653e-01  -4.3489967e-01  -7.3734742e-01  -2.7722160e-01   1.4902344e-01  -2.7300638e-01  -4.6207413e-01  -1.4589245e-01   7.6697792e-01   1.5298004e+00
   2.0000000e+00   7.2251887e-01  -3.4602961e-01  -3.3960333e-01  -3.4642146e-01   1.1325323e+00   9.1290874e-01  -7.8964629e-01   1.1973398e+00   6.7056256e-01  -1.7099301e+00
   1.0000000e+00  -1.1657347e+00  -1.8811228e-01   9.2174804e-02   3.5219535e-01  -3.3897481e-01   7.3790504e-01   7.4072273e-01   2.1259802e+00   2.0132684e-01  -2.2536360e-01
   1.0000000e+00  -1.8004311e-01  -1.8844143e+00  -4.1955622e-01  -1.3193823e-02  -9.5465224e-01   1.0309154e+00  -3.9948457e-01  -2.8361949e-01   5.8505640e-01  -1.2548591e+00
   2.0000000e+00  -1.0606233e-02   5.7430604e-01   1.3155228e-02  -6.5863241e-01  -3.4376710e-01   8.8603684e-01   1.7906380e-01   4.8779389e-01  -1.2336834e+00  -3.7906544e-01
   2.0000000e+00  -3.4621042e-01   1.5993546e+00  -1.8660406e+00  -1.0162955e+00   1.0428746e+00   9.2419920e-01  -1.0451045e-01   9.2893333e-01  -1.5086642e-01  -2.9911379e-01
   2.0000000e+00   6.9307910e-01   2.7539278e-01   6.8593560e-02  -1.1183880e+00   6.5110652e-01  -1.8177368e+00  -7.5262853e-01   2.7815938e+00  -2.1015117e-01   3.0994795e-01
   1.0000000e+00  -9.1634800e-01  -6.4395164e-01  -8.2430564e-01  -5.0396229e-02   9.0282877e-01   4.3442229e-01  -2.0136064e-01  -2.9981357e-01   4.0995548e-01   1.0085660e+00
   2.0000000e+00   1.1683134e+00  -3.3564539e-01  -2.8677211e-01   2.7151113e-01  -1.3542894e+00  -1.1094567e+00   1.0841164e+00   1.2844213e+00   1.0897305e+00   5.0441242e-01
   2.0000000e+00  -3.3640809e-01   2.3700640e-01   1.0683500e+00  -2.7257150e-01   2.9253592e-02   2.7290744e-01   1.5722083e+00  -6.0724878e-01   6.6946654e-01   3.3907124e-01
   2.0000000e+00  -1.4194592e+00  -3.8708045e-01  -1.1866382e-01   9.2794367e-01  -8.7399720e-02  -5.8940773e-01   1.0000508e+00  -9.0387121e-02  -3.6744952e-01  -3.2743828e-01
   2.0000000e+00  -1.5733737e+00  -4.5223949e-01  -2.0059148e-01  -1.4312738e+00   1.2197061e+00   1.7642741e+00   1.1498696e-01  -6.7070517e-01   1.7922383e+00  -9.2161586e-02
   1.0000000e+00   2.6336790e-01  -2.3511922e-01   3.1542196e-01   1.9411957e+00   2.4275406e-01  -1.7303219e+00   6.4313948e-01  -1.3985970e+00   1.8540258e-01  -1.0383601e+00
   2.0000000e+00  -5.5875206e-01   5.9291805e-01  -4.9238858e-01  -7.9325542e-01   1.2609755e+00  -3.0740134e-01  -9.2553481e-01   4.7623729e-01  -6.1453351e-01  -6.8075609e-02
   1.0000000e+00  -1.4566247e+00  -1.6450042e+00  -1.3242601e+00   5.0083052e-02   1.0457144e+00   7.0263438e-01   5.8044627e-01  -3.9723470e-02   4.2668749e-01   7.7996712e-01
   2.0000000e+00  -1.0870821e+00  -5.7078105e-01  -3.3194100e+00   2.2339240e+00  -7.5762839e-01  -7.7776222e-02   1.2830227e+00  -1.2120348e+00  -1.0512682e+00   5.6584508e-01
   2.0000000e+00   2.8205099e-01   9.0595739e-01   9.0519327e-01  -9.1862077e-01  -4.4851641e-01  -1.1906395e+00   7.7528264e-01   2.5057946e-01   8.3459931e-01   7.0014513e-02
   2.0000000e+00  -2.8508867e+00   7.3154168e-01  -2.5983584e-01   2.2903441e+00   7.4279190e-01  -3.3927883e-01   2.2154847e+00  -1.5040619e+00   1.0378874e+00   1.0586939e+00
   2.0000000e+00   1.2125261e+00   6.4327045e-01  -3.2192399e-01   1.3944977e+00   9.5502639e-01   1.1349453e+00   2.2405563e+00   2.6860360e-01   1.4506488e+00   2.0906823e+00
   2.0000000e+00   3.5797631e-01   4.9183139e-01  -1.8742913e-01   1.6921156e+00   2.6230573e+00  -1.8466654e+00   8.6471909e-01  -7.2810183e-01  -1.6792971e+00  -1.4828405e+00
   2.0000000e+00   5.9831596e-01   7.8827100e-01  -2.3599909e+00  -8.9276409e-02   7.4026677e-01   5.4859095e-01  -1.3695690e+00  -8.6823794e-01  -7.7255182e-01   1.1592366e+00
   2.0000000e+00  -1.1641008e+00  -7.0583307e-01   1.7000983e+00   5.1991826e-01   4.1773557e-01   6.7890272e-01  -2.5983240e+00   6.4798861e-01  -1.5177035e+00   1.1439508e+00
   2.0000000e+00   1.1112031e+00   3.1126745e-01   4.4928781e-01  -7.0331766e-01  -5.0883701e-01  -1.3096460e+00   1.8811205e+00   1.8303529e+00   1.1576606e-01  -1.8517547e+00
   2.0000000e+00   9.4847733e-01   4.2670387e-01   1.2180451e-01  -1.4886466e-01  -2.0286526e+00   1.3302765e+00   1.1164604e+00   1.5834294e+00  -5.4338634e-01   2.8537040e-01
   2.0000000e+00   1.6939089e-01  -9.8615451e-01  -5.3429645e-01  -1.0394744e-01  -3.0326182e-01  -1.4277011e+00   6.2538308e-01   9.4408741e-01  -4.5324062e-01  -1.2371179e+00
   2.0000000e+00  -7.3603649e-01  -1.1758580e+00   1.3815165e+00   2.3666576e+00   2.2302707e-01  -5.5535263e-01   1.0032381e+00   4.4375247e-02   4.4154903e-01   3.1744126e-01
